cpu 62247370 0 76774042 3631205916
cpu0 14236734 0 20823968 279125203
cpu1 6378515 0 9739828 298067312
cpu2 10688250 0 10442968 293054390
cpu3 6763656 0 9352859 298069062
cpu4 4783140 0 5093406 304308937
cpu5 5688015 0 5631296 302866328
cpu6 3938000 0 3822203 306425359
cpu7 2816078 0 2685109 308684296
cpu8 2767171 0 2918828 308499546
cpu9 1642484 0 2843906 309699218
cpu10 1418687 0 1872890 310894000
cpu11 1126640 0 1546781 311512265
page 143950947 10779385
swap 143950947 7205578
intr 3068674702
ctxt 1753063159
btime 1683724273
